0
511
1363
1875
2727
3238
4090
4602
5454
5965
6818
7329
8181
8693
9545
10056
10909
11420
12272
12784
13636
14147
15000
15511
16363
16875
17727
18238
19090
19602
20454
20965
21818
22159
22670
22840
23181
23522
24034
24204
24545
24886
25397
25568
25909
26250
26761
26931
27272
27613
28125
28295
28636
28977
29488
29659
30000
30340
30852
31022
31363
31704
32215
32386
32727
34090
35454
36818
38181
38863
39545
40227
40909
41250
41590
41931
42272
42443
42613
42784
42954
43039
43125
43210
43295
43636
43977
44488
44659
45000
45340
45852
46022
46363
46704
47215
47386
47727
48068
48579
48750
49090
49431
49943
50113
50454
50795
51306
51477
51818
52159
52670
52840
53181
53522
54034
54204
54545
54886
55397
55568
55909
56250
56761
56931
57272
57613
58125
58295
58636
58977
59488
59659
60000
60340
60852
61022
61363
61704
62215
62386
62727
63068
63579
63750
64090
64431
64943
65113
65454
65795
66306
66477
66818
67159
67670
67840
68181
68522
69034
69204
69545
69886
70397
70568
70909
71250
71761
71931
72272
72613
73125
73295
73636
73977
74488
74659
75000
75340
75852
76022
76363
76704
77215
77386
77727
78068
78579
78750
79090
79431
79943
80113
80454
80795
81306
81477
81818
82159
82670
82840
83181
83522
84034
84204
84545
84886
85397
85568
85738
85909
86079
86250
86420
86590
87272
92727
93068
93409
93750
94090
94431
94772
95113
95454
95625
95795
95965
96136
96306
96477
96647
96818
96903
96988
97073
97159
97244
97329
97414
97500
97585
97670
97755
97840
98011
98181
98522
99034
99204
99545
99886
100397
100568
100909
101250
101761
101931
102272
102613
103125
103295
103636
103977
104488
104659
105000
105340
105852
106022
106363
106704
107215
107386
107727
108068
108238
108409
108494
108579
108750
108835
109090
109431
109943
110113
110454
110795
111306
111477
111818
112159
112670
112840
113181
113522
114204
114289
114375
114545
114886
115397
115568
115909
116250
116761
116931
117272
117613
118125
118295
118636
118977
119147
119318
119403
119488
119573
119659
120000
120340
120852
121022
121363
121704
122215
122386
122727
123068
123238
123579
123750
124090
124431
124602
124943
125113
125454
125795
126306
126477
126818
127159
127670
127840
128181
128522
128693
129034
129204
129545
129886
130056
130397
130568
130909
131250
131761
131931
132272
132613
133125
133295
133636
133977
134147
134488
134659
135000
135340
135511
135852
136022
136363
136704
137215
137386
137727
138068
138579
138750
139090
139431
139602
139943
140113
140454
140795
140965
141306
141477
141818
142159
142670
142840
143352
143522
144034
144204
144545
144886
145397
145568
146079
146250
146761
146931
147272
147613
148125
148295
148806
148977
149488
149659
150000
150340
150852
151022
151534
151704
152215
152386
152727
153068
153579
153750
154090
154431
154943
155113
155454
155795
156306
156477
156818
157159
157670
157840
158181
158522
159034
159204
159545
159886
160397
160568
160909
161250
161761
161931
162272
162613
162954
163295
163636
174545
175909
177272
178636
180000
180681
181363
182045
182727
183068
183409
183750
184090
184261
184431
184602
184772
184857
184943
185028
185113
185454
190909
191250
191590
191931
192272
192613
192954
193295
193636
193806
193977
194147
194318
194488
194659
194829
195000
195085
195170
195255
195340
195426
195511
195596
195681
195767
195852
195937
196022
196193
196363
197045
197897
198068
198409
199090
199772
200625
200795
201818
202159
202670
202840
203181
203522
204034
204204
204545
204886
205397
205568
205909
206250
206420
206590
206676
206761
206846
206931
207272
207954
208806
208977
209318
210000
210681
211193
211363
211704
212386
212471
212556
212727
213068
213579
213750
214090
214431
214943
215113
215454
215795
216306
216477
216818
217840
218181
218522
219034
219204
219545
219886
220398
220568
220909
221250
221762
221932
222272
222613
223125
223295
223636
223977
224489
224659
225000
225341
225853
226023
226363
226704
227216
227386
227727
228068
228580
228750
228920
229090
229431
229943
230113
230454
230795
231307
231477
231818
232159
232671
232841
233181
233522
234034
234204
234545
234886
235398
235568
235909
236250
236762
236932
237272
237613
238125
238295
238636
238977
239489
239659
240000
240341
240853
241023
241363
241704
242216
242386
242727
243068
243580
243750
244090
244431
244943
245113
245454
245795
246307
246477
246818
247159
247671
247841
248181
248522
249034
249204
249545
249886
250227
250568
250909
251250
251590
251931
252272
252613
252954
253295
253636
253977
254318
254659
255000
255340
255681
256022
256363
256704
257045
257386
257727
258068
258409
258750
259090
259431
259772
260113
260454
260795
261136
261477
261818
262329
263181
263693
264545
265056
265909
266420
267272
267784
268636
269147
270000
270511
271363
271875
272727
273238
274090
274602
275454
275965
276818
277329
278181
278693
279545
280056
280909
281420
281761
281846
281931
282017
282102
282187
282272
282613
282698
282784
282869
283295
283380
283465
283551
283636
283977
284489
284659
285000
285341
285853
286023
286363
286704
287216
287386
287727
288068
288580
288750
289090
289431
289943
290113
290454
290795
291307
291477
291818
292159
292671
292841
293181
293522
294034
294204
294545
294886
295398
295568
295909
296250
296762
296932
297272
297613
298125
298295
298636
298977
299489
299659
300000
300341
300853
301023
301363
301704
302216
302386
302727
303068
303580
303750
304090
304431
304943
305113
305454
307840
308181