0
230
698
1167
1636
2105
2573
3042
3511
3980
4448
4917
5386
5855
6323
6792
7261
7730
8198
8667
9136
9605
10073
10542
11011
11480
11948
12417
12886
13355
13823
14292
14761
15230
15698
16167
16636
17105
17573
18042
18511
18980
19448
19917
20386
20855
21323
21792
22261
22730
23198
23667
24136
24605
25073
25542
26011
26480
26948
27417
27886
28355
28823
29292
29761
30230
30698
31167
31636
32105
32573
33042
33511
33980
34448
34917
35386
35855
36323
36792
37261
37730
38198
38667
39136
39605
40073
40542
41011
41480
41948
42417
42886
43355
43823
44292
48042
48276
48511
48745
48980
49214
49448
49683
49917
50151
50386
50620
50855
51089
51323
51558
51792
52261
52495
52730
52964
53198
53433
53667
53901
54136
54370
54605
54839
55073
55308
55542
56011
56245
56480
56714
56948
57183
57417
57651
57886
58120
58355
58589
58823
59058
59292
59761
59995
60230
60464
60698
60933
61167
61401
61636
61870
62105
62573
62808
63042
63511
63745
63980
64448
64683
64917
65386
65503
65620
65737
65855
66089
66323
66792
67261
67495
67730
67964
68198
68433
68667
69136
69605
69839
70073
70308
70542
71011
71245
71480
71948
72183
72417
72886
73003
73120
73237
73355
73589
73823
74292
74761
74995
75230
75698
75933
76167
76636
77105
77573
78042
78511
78745
78980
79448
79683
79917
80386
80503
80620
80737
80855
81089
81323
81558
81792
82261
82495
82730
82964
83198
83433
83667
84136
84605
84839
85073
85308
85542
86011
86245
86480
86948
87183
87417
87886
88003
88120
88237
88355
88589
88823
89058
89292
89761
89995
90230
90698
90933
91167
91636
92105
92573
93042
93511
93745
93980
94448
94683
94917
95386
95503
95620
95737
95855
96089
96323
96558
96792
97261
97495
97730
98198
98433
98667
99136
99605
99839
100073
100308
100542
101011
101245
101480
101948
102183
102417
102886
103003
103120
103237
103355
103589
103823
104058
104292
104761
104995
105230
105698
105933
106167
106636
107105
107573
108042
108511
108980
109448
109917
110386
110855
111323
111792
112261
112730
113198
113667
114136
114605
115073
115542
115776
116011
116245
116480
116714
116948
117183
117417
117651
117886
118120
118355
118589
118823
119058
119292
119409
119526
119644
119761
119878
119995
120112
120230
120347
120464
120581
120698
120815
120933
121050
121167
123042
123511
123745
123980
124448
124683
124917
125386
125503
125620
125737
125855
126089
126323
126558
126792
127261
127495
127730
128198
128433
128667
129136
129605
129839
130073
130308
130542
131011
131245
131480
131948
132183
132417
132886
133003
133120
133237
133355
133589
133823
134058
134292
134761
134995
135230
135698
135933
136167
136636
137105
137573
138042
138511
138745
138980
139448
139683
139917
140386
140503
140620
140737
140855
141089
141323
141558
141792
142261
142495
142730
142964
143081
143198
143433
143667
144136
144605
144839
145073
145308
145542
146011
146245
146480
146948
147183
147417
147886
148003
148120
148237
148355
148589
148823
149058
149292
149761
149995
150230
150698
150933
151167
151636
152105
152573
153042
153511
153980
154448
154917
155386
155855
156323
156792
157261
157730
158198
158667
159136
159605
160073
160542
161011
161480
161948
162417
162886
163355
163823
164292
164761
165230
165698
166167
166636
167105
167573
168042
169917
170386
170855
171323
171792
172026
172261
172495
172730
173198
173667
173901
174136
174370
174605
174839
174956
175073
175308
175542
175776
176011
176245
176480
176948
177417
177651
177886
178120
178355
178589
178706
178823
179058
179292
179526
179761
179995
180230
180698
181167
181401
181636
181870
182105
182339
182456
182573
182808
183042
183276
183511
183745
183980
184448
184917
185386
185855
186323
186792
187026
187261
187495
187730
188198
188667
188901
189136
189370
189605
189839
189956
190073
190308
190542
190776
191011
191245
191480
191948
192417
192651
192886
193120
193355
193589
193706
193823
194058
194292
194526
194761
194995
195230
195698
196167
196401
196636
196870
197105
197339
197456
197573
197808
198042
198276
198511
198745
198980
199448
199917
200386
200855
201323
201792
202261
202495
202730
203198
203433
203667
204136
204253
204370
204487
204605
204839
205073
205308
205542
206011
206245
206480
206714
206831
206948
207183
207417
207886
208355
208589
208823
209058
209292
209761
209995
210230
210698
210933
211167
211636
211753
211870
211987
212105
212339
212573
212808
213042
213511
213745
213980
214448
214683
214917
215386
215855
215972
216089
216206
216323
216792
217261
217495
217730
218198
218433
218667
219136
219253
219370
219487
219605
219839
220073
220308
220542
221011
221245
221480
221948
222183
222417
222886
223355
223589
223823
224058
224292
224761
224995
225230
225698
225933
226167
226636
226753
226870
226987
227105
227339
227573
227808
228042
228511
228745
228980
229448
229683
229917
230386
230855
231323
231792
232261
232730
233198
233667
234136
234605
235073
235542
236011
236480
236948
237417
237886
238355
238823
239292
239526
239761
239995
240230
240464
240698
240933
241167
241401
241636
241870
242105
242339
242573
242808
243042
243159
243276
243394
243511
243628
243745
243862
243980
244097
244214
244331
244448
244565
244683
244800
244917
246792
247261
247495
247730
248198
248433
248667
249136
249253
249370
249487
249605
249839
250073
250308
250542
251011
251245
251480
251948
252183
252417
252886
253355
253589
253823
254058
254292
254761
254995
255230
255698
255933
256167
256636
256753
256870
256987
257105
257339
257573
257808
258042
258511
258745
258980
259448
259683
259917
260386
260855
261323
261792
262261
262495
262730
263198
263433
263667
264136
264253
264370
264487
264605
264839
265073
265308
265542
266011
266245
266480
266714
266831
266948
267183
267417
267886
268355
268589
268823
269058
269292
269761
269995
270230
270698
270933
271167
271636
271753
271870
271987
272105
272339
272573
272808
273042
273511
273745
273980
274448
274683
274917
275386
275855
276323
276792
277261
277730
278198
278667
279136
279605
280073
280542
281011
281480
281948
282417
282886
283355
283823
284292
284761
285230
285698
286167
286636
287105
287573
288042
288511
288980
289448
289917
290386
290855
291323
291792
292261
292730
293198
293667
294136
294605
295073
295542
296011
296480
296948
297417
297886
298355
298823
299292
299761
300230
300698
301167
301636
302105
302573
303042
303511
303980
304448
304917
305386
305855
306323
306792
307261
307730
308198
308667
309136
309605
310073
310542
311011
311480
311948
312417
312886
313355
313823
314292
314761
315230
315698
316167
316636
317105
317573
318042
318511
318980
319448
319917
320386
320855
321323
321792
322261
322730
323198
323667
324136
324605
325073
325542
326011
326480
326948
327417
327886
328355
328823
329292
329761
330230
330698
331167
331636
332105
332573
333042
333511
333980
334448
334917
335386
335855
336323
336792
342417