0
2641
7005
11369
15732
20096
24460
28823
33187
37550
38369
39732
40550
41914
42187
43005
44096
46005
46278
47096
48460
49278
50641
51732
52823
53914
54460
55005
55550
56096
56641
57187
57323
57460
57596
57732
57869
58005
58141
58278
58550
58823
59096
59369
59914
60050
60187
60460
60732
61005
61278
61550
61687
61823
61960
62096
62232
62369
62505
62641
62914
63187
63460
63732
64278
64414
64550
64823
65096
65369
65641
65914
66050
66187
66323
66460
66596
66732
66869
67005
67278
67550
67823
68096
68641
68778
68914
69187
69460
69732
70005
70278
70414
70550
70687
70823
70960
71096
71232
71369
71641
71914
72187
72460
72596
72732
73005
73278
73550
73823
74096
74641
74778
74914
75187
75460
75732
76005
76278
76823
76960
77096
77369
77641
77914
78187
78460
79005
79141
79278
79550
79823
80096
80369
80641
81187
81323
81460
81732
82005
82278
82550
82823
83369
83505
83641
83914
84187
84460
84732
85005
85550
86096
86232
86369
86641
87187
87323
87460
87732
88278
88414
88550
88823
89369
89914
90460
91005
91550
92096
92641
93187
93732
94278
94823
95369
95914
96460
97005
97550
98096
98641
99187
99732
100278
100823
101369
101914
102460
103005
103550
104096
104641
105187
105732
106278
106414
106550
106823
106960
107096
107232
107369
107505
107641
107914
108187
108460
108732
109005
109550
109687
109823
110096
110369
110641
110914
111187
111732
111869
112005
112278
112550
112823
113096
113369
113914
114050
114187
114460
114732
115005
115278
115550
116096
116232
116369
116641
116914
117187
117460
117732
118278
118414
118550
118823
119096
119369
119641
119914
120460
121005
121141
121278
121550
122096
122232
122369
122641
123187
123323
123460
123732
124005
124278
124550
124823
125096
125641
126187
126732
127278
127823
128369
128914
129460
130005
130550
131096
131641
132187
132732
133278
133550
134096
134641
135187
135732
136278
136823
137369
137914
138460
139005
139550
140096
140369
140641
140914
141187
141460
141732
142005
142823
142960
143096
143369
143641
143914
144187
144460
144596
144732
144869
145005
145141
145278
145414
145550
145823
146096
146369
146641
147187
147324
147460
147733
148005
148278
148551
148824
148960
149096
149233
149369
149505
149642
149778
149914
150187
150460
150733
151005
151550
151687
151823
152096
152368
152641
152914
153187
153323
153459
153596
153732
153868
154005
154141
154277
154550
154823
155096
155368
155914
156050
156187
156460
157005
157141
157278
157550
158232
158369
158505
158641
159187
159732
160278
160414
160550
160823
161096
161369
161641
161914
162050
162187
162323
162460
162596
162732
162869
163005
163278
163550
163823
164096
164642
164778
164914
165187
165460
165733
166005
166278
166414
166551
166687
166824
166960
167096
167233
167369
167642
167914
168187
168460
169006
169142
169278
169551
169824
170097
170369
170642
170778
170915
171051
171188
171324
171460
171597
171733
172006
172278
172551
172823
173369
173505
173641
173914
174187
174460
174732
175005
175141
175278
175414
175551
175687
175823
175960
176096
176369
176641
176914
177187
177733
177869
178005
178278
178551
178824
179096
179369
179505
179642
179778
179915
180051
180187
180324
180460
180733
181005
181278
181550
182096
182232
182368
182641
182914
183187
183459
183732
183868
184005
184141
184278
184414
184550
184687
184823
185096
185368
185641
185914
186460
186596
186732
187005
187278
187551
187823
188096
188232
188369
188505
188642
188778
188914
189051
189187
189460
189732
190005
190278
190824
190960
191096
191369
191642
191915
192187
192460
192596
192733
192869
193006
193142
193278
193415
193551
193824
194096
194369
194641
199005
203369
207732
212096
221232